Classifier results on normalised features (0->1)

###############################################
MULTINOMIAL NB


               precision    recall  f1-score   support

           0       0.20      0.48      0.28       826
           1       0.36      0.77      0.49       839
           2       0.00      0.00      0.00       547
           3       0.00      0.00      0.00       419
           4       0.30      0.63      0.41       824
           5       0.00      0.00      0.00       476
           6       0.00      0.00      0.00        55
           7       0.00      0.00      0.00       222
           8       0.43      0.15      0.22       468
           9       0.00      0.00      0.00       244
          10       0.00      0.00      0.00        53
          11       0.00      0.00      0.00       610
          12       0.43      0.19      0.27       600
          13       0.31      0.33      0.32       652
          14       0.00      0.00      0.00        77
          15       0.00      0.00      0.00       300
          16       0.39      0.71      0.50       794
          17       0.33      0.29      0.31       608
          18       0.00      0.00      0.00         4
          19       0.00      0.00      0.00         8

   micro avg       0.31      0.31      0.31      8626
   macro avg       0.14      0.18      0.14      8626
weighted avg       0.22      0.31      0.24      8626

Confusion matrix 

 [[394  18   0   0 154   0   0   0   5   0   0   0   8  15   0   0 184  48   0   0]
 [ 32 649   0   0  37   0   0   0   5   0   0   0  43  59   0   0   7   7   0   0]
 [ 88 172   0   0 105   0   0   0   1   0   0   0   9  69   0   0  28  75   0   0]
 [237  12   0   0  26   0   0   0   1   0   0   0   9   1   0   0  94  39   0   0]
 [148  65   0   0 521   0   0   0   0   0   0   0  14  15   0   0   4  57   0   0]
 [158  22   0   0 199   0   0   0   1   0   0   0   1  16   0   0  60  19   0   0]
 [ 49   0   0   0   0   0   0   0   2   0   0   0   0   0   0   0   3   1   0   0]
 [ 49  27   0   0   4   0   0   0  12   0   0   0  18   3   0   0  60  49   0   0]
 [ 82  26   0   0   2   0   0   0  71   0   0   0  15   0   0   0 265   7   0   0]
 [ 28 182   0   0  19   0   0   0   0   0   0   0   3  11   0   0   1   0   0   0]
 [ 46   1   0   3   1   0   0   0   0   0   0   0   0   2   0   0   0   0   0   0]
 [ 73 232   0   0 105   0   0   0   0   0   0   0   0 181   0   0  15   4   0   0]
 [ 97 132   0   2  93   0   0   0  47   0   0   0 116  61   0   0  48   4   0   0]
 [ 92 214   0   0 104   0   0   0   0   0   0   0   2 215   0   0  19   6   0   0]
 [  6   1   0   0  49   0   0   0   6   0   0   0  15   0   0   0   0   0   0   0]
 [ 29  12   0   0 181   0   0   0  10   0   0   0   5  37   0   0   5  21   0   0]
 [170   5   0   0  30   0   0   0   2   0   0   0   2   3   0   0 560  22   0   0]
 [205  36   0   0  99   0   0   0   3   0   0   0   8   3   0   0  76 178   0   0]
 [  0   4   0   0   0   0   0   0   0   0   0   0   0   0   0   0   0   0   0   0]
 [  0   8   0   0   0   0   0   0   0   0   0   0   0   0   0   0   0   0   0   0]]

###############################################
GAUSSIAN NB


               precision    recall  f1-score   support

           0       0.26      0.26      0.26       826
           1       0.59      0.30      0.40       839
           2       0.29      0.04      0.07       547
           3       0.39      0.58      0.47       419
           4       0.31      0.56      0.40       824
           5       0.00      0.00      0.00       476
           6       0.23      0.84      0.37        55
           7       0.16      0.43      0.23       222
           8       0.34      0.58      0.43       468
           9       0.21      0.65      0.31       244
          10       0.60      0.96      0.74        53
          11       0.30      0.24      0.27       610
          12       0.60      0.01      0.02       600
          13       0.44      0.06      0.11       652
          14       0.40      0.77      0.53        77
          15       0.29      0.12      0.17       300
          16       0.48      0.54      0.51       794
          17       0.31      0.47      0.37       608
          18       1.00      1.00      1.00         4
          19       1.00      1.00      1.00         8

   micro avg       0.33      0.33      0.33      8626
   macro avg       0.41      0.47      0.38      8626
weighted avg       0.36      0.33      0.29      8626

Confusion matrix 

 [[214   1   0  60 125   0  33  35  55   6   0  10   0   0   2   1 169 115   0   0]
 [ 36 255   7   9  59   0   1 109  23 209   0  30   0  11   6  28   1  55   0   0]
 [ 45  47  20  19  83   0   7  65  23  72   0  47   0  11   2   1  15  90   0   0]
 [ 22   0   0 245  20   0   9   6  15   4  18   0   0   0   9   0  31  40   0   0]
 [ 89   1   0  15 464   1   2  51  10  14   1   7   0   1  11   7   7 143   0   0]
 [ 94   4   1  27 190   0   5  12  14   6   0  10   0   2   4   4  47  56   0   0]
 [  1   0   0   6   0   0  46   0   2   0   0   0   0   0   0   0   0   0   0   0]
 [  6   2   2  10   1   0  40  96  44   7   0   1   0   0   0   0   7   6   0   0]
 [ 21   2   0  14   1   0  11  26 270   8   0   0   0   0   9   3  96   7   0   0]
 [ 10  13   1   4  26   0   1   7   1 159   0   6   1   3   5   0   1   6   0   0]
 [  0   1   0   1   0   0   0   0   0   0  51   0   0   0   0   0   0   0   0   0]
 [ 54  39  14  30 128   1   3  31   0 117   2 146   0  10   2   2  11  20   0   0]
 [ 56  14   6  22  89   0   9  93 131  51   0  40   6  12  22  31   7  11   0   0]
 [ 48  50  17  24 106   1   4  19   5 113   1 166   2  40   5   7  15  29   0   0]
 [  0   0   0   0   2   0   0   0   9   0   6   0   0   0  59   1   0   0   0   0]
 [ 16   0   0  11 148   0   1   4  13   2   0  12   0   1   4  37   3  48   0   0]
 [ 63   0   0  78  28   0   5  10 145   1   0   1   0   0   2   4 432  25   0   0]
 [ 58   1   0  49  44   0  19  48  25   4   6   3   1   0   5   2  55 288   0   0]
 [  0   0   0   0   0   0   0   0   0   0   0   0   0   0   0   0   0   0   4   0]
 [  0   0   0   0   0   0   0   0   0   0   0   0   0   0   0   0   0   0   0   8]]

###############################################
LOGISTIC REGRESSION

              precision    recall  f1-score   support

           0       0.26      0.31      0.28       826
           1       0.36      0.63      0.46       839
           2       0.13      0.02      0.04       547
           3       0.41      0.37      0.39       419
           4       0.36      0.52      0.43       824
           5       0.40      0.08      0.13       476
           6       0.00      0.00      0.00        55
           7       0.58      0.06      0.11       222
           8       0.32      0.32      0.32       468
           9       0.06      0.00      0.01       244
          10       0.52      0.25      0.33        53
          11       0.31      0.19      0.23       610
          12       0.24      0.14      0.18       600
          13       0.32      0.47      0.38       652
          14       0.60      0.19      0.29        77
          15       0.40      0.05      0.09       300
          16       0.37      0.76      0.50       794
          17       0.40      0.33      0.36       608
          18       0.57      1.00      0.73         4
          19       0.00      0.00      0.00         8

   micro avg       0.34      0.34      0.34      8626
   macro avg       0.33      0.29      0.26      8626
weighted avg       0.33      0.34      0.30      8626

Confusion matrix 

 [[252  10   5  17 113   5   0   0  30   0   0  19  25  20   0   2 281  47   0   0]
 [ 17 531   9  15  13   3   0   1  15   0   0  39  33 139   0   0  15   9   0   0]
 [ 76 131  12  13  62   5   0   0   9   0   0  36  11 103   0   1  41  47   0   0]
 [ 34  12   4 157  13  10   0   0  10   0   4   5  15  11   0   0 108  36   0   0]
 [124  62   7   9 432  10   0   0   4   1   0  38  15  28   1  11  30  52   0   0]
 [ 60  17   4   6 146  37   0   0   4   0   0  35  12  22   1   4 108  20   0   0]
 [  1  14   1   3   4   1   0   3  14   0   0   0  10   0   0   0   1   3   0   0]
 [ 43  16   1   4   5   0   0  14  97   0   0   0  13  12   0   0  12   5   0   0]
 [ 44  19   0   9   7   1   0   2 152   2   0   0  17   1   0   0 208   6   0   0]
 [  5 167   2   0  23   4   0   0   0   1   0   5  12  21   2   0   2   0   0   0]
 [  0  11   0  23   0   0   0   0   0   0  13   0   0   1   0   0   0   5   0   0]
 [ 22 172  11   5  61   3   0   0   0   0   0 115  15 167   0   0  31   8   0   0]
 [ 29 125  12  22  75   5   0   2  93  12   4  15  85  77   4   2  29   6   3   0]
 [ 30 125   4  13  55   2   0   0   3   1   0  40  18 309   1   2  41   8   0   0]
 [  0  20   0   5   5   0   0   0   7   0   0   8  16   0  15   0   0   1   0   0]
 [ 26  15   6  28 100   1   0   0  12   0   3   4  28  29   1  16   7  24   0   0]
 [ 61   6   2  42  11   5   0   0  17   0   1  11   6   8   0   0 603  21   0   0]
 [140  30   9   8  69   1   0   2  13   0   0   5  20   7   0   2 102 200   0   0]
 [  0   0   0   0   0   0   0   0   0   0   0   0   0   0   0   0   0   0   4   0]
 [  0   8   0   0   0   0   0   0   0   0   0   0   0   0   0   0   0   0   0   0]]

###############################################
LINEAR SVM

              precision    recall  f1-score   support

           0       0.35      0.31      0.33       826
           1       0.50      0.80      0.62       839
           2       0.35      0.05      0.09       547
           3       0.55      0.57      0.56       419
           4       0.42      0.64      0.50       824
           5       0.48      0.06      0.11       476
           6       0.80      0.75      0.77        55
           7       0.60      0.34      0.43       222
           8       0.55      0.51      0.53       468
           9       0.55      0.14      0.22       244
          10       0.60      0.92      0.73        53
          11       0.42      0.33      0.37       610
          12       0.44      0.46      0.45       600
          13       0.37      0.43      0.40       652
          14       0.70      0.61      0.65        77
          15       0.56      0.14      0.22       300
          16       0.49      0.72      0.58       794
          17       0.42      0.55      0.48       608
          18       1.00      1.00      1.00         4
          19       0.89      1.00      0.94         8

   micro avg       0.46      0.46      0.46      8626
   macro avg       0.55      0.52      0.50      8626
weighted avg       0.46      0.46      0.42      8626

Confusion matrix 

 [[252  11   2  26 106   7   3   8  29   3   0  22  21  25   0   2 214  95   0   0]
 [  4 675   1   3   5   1   0   3   0   2   0  38  38  56   0   5   6   2   0   0]
 [ 38  90  28  10 106   1   1   4   0   3   0  36  30  90   1   3  24  82   0   0]
 [ 22   2   0 240  10   2   1   0  16   5  12   0   8   2   8   1  37  53   0   0]
 [ 51  25  10   7 524   5   0   5   3   2   1  14  25  32   1   6  16  97   0   0]
 [ 63  14   2   9 150  30   0   1   6   1   0  33  11  27   2   4  84  39   0   0]
 [  1   0   0   8   0   0  41   0   2   0   0   0   1   0   0   0   2   0   0   0]
 [ 24   3   6   3   3   0   0  75  23   1   0   4  55   2   0   0   9  14   0   0]
 [ 38   8   2   6   2   0   1   5 241   1   0   1  39   1   1   3 109  10   0   0]
 [  3 139   0   4  14   2   0   0   0  34   0   9  20  14   1   0   1   3   0   0]
 [  0   0   0   3   0   0   0   0   0   0  49   1   0   0   0   0   0   0   0   0]
 [ 12 166   1  13  28   6   0   0   0   0   3 199  22 135   2   2  17   4   0   0]
 [ 31  49   5   8  37   0   2   6  52   6   0  45 277  55   1   4  20   1   0   1]
 [ 26 144   3  10  63   5   0   3   1   1   2  63  17 282   0   1  22   9   0   0]
 [  0   1   0   0   0   0   0   0   3   0   6   0  19   1  47   0   0   0   0   0]
 [  9   8  17   9 125   0   0   1   0   0   1   5  23  27   0  41   7  27   0   0]
 [ 69   8   1  48   9   3   0   4  42   0   0   2  10   2   1   1 575  19   0   0]
 [ 70   6   2  26  79   1   2  11  18   3   7   3  13   4   2   0  29 332   0   0]
 [  0   0   0   0   0   0   0   0   0   0   0   0   0   0   0   0   0   0   4   0]
 [  0   0   0   0   0   0   0   0   0   0   0   0   0   0   0   0   0   0   0   8]]


